           5
           1
           0
           2
           0
           3
           0
           4
           0
           5
           0
          14
           1
           1
           1
   1.00000000    
           2
           1
           2
   1.00000000    
           3
           1
           3
   1.00000000    
           4
           1
           4
   1.00000000    
           5
           1
           5
   1.00000000    
           6
           2
           1           2
  0.500000000      0.500000000    
           7
           2
           2           3
  0.500000000      0.500000000    
           8
           2
           1           3
  0.500000000      0.500000000    
           9
           2
           1           4
  0.500000000      0.500000000    
          10
           2
           2           4
  0.500000000      0.500000000    
          11
           2
           3           4
  0.500000000      0.500000000    
          12
           2
           4           5
  0.500000000      0.500000000    
          13
           2
           2           5
  0.500000000      0.500000000    
          14
           2
           3           5
  0.500000000      0.500000000    
          20
           1
           1
           1
   1.00000000    
           2
           1
           2
   1.00000000    
           3
           1
           3
   1.00000000    
           4
           1
           4
   1.00000000    
           5
           1
           5
   1.00000000    
           6
           1
           6
   1.00000000    
           7
           1
           7
   1.00000000    
           8
           1
           8
   1.00000000    
           9
           1
           9
   1.00000000    
          10
           1
          10
   1.00000000    
          11
           1
          11
   1.00000000    
          12
           1
          12
   1.00000000    
          13
           1
          13
   1.00000000    
          14
           1
          14
   1.00000000    
          15
           2
           1           6
  0.500000000      0.500000000    
          16
           2
           6           8
  0.500000000      0.500000000    
          17
           2
           1           8
  0.500000000      0.500000000    
          18
           2
           1           9
  0.500000000      0.500000000    
          19
           2
           6           9
  0.500000000      0.500000000    
          20
           2
           8           9
  0.500000000      0.500000000    
